# Студент Чиркин, группа Б04-601
# Симуляция на основе генератора псевдослучайных чисел
# Распределение: pareto, интенсивность mu = 1.0, показатель alpha = 1.0
2
0
0
3
66
0
1
0
0
0
1
0
0
2
0
5
0
5
1
0
6
0
0
8
0
12
3
0
4
2
20
3
0
0
0
0
2
14
2
48
0
2
0
1
15
0
0
2
0
6
2
1
6
0
0
10
0
0
1
0
0
1
3
0
1
0
2
0
0
2
0
23
4
6
1
1
0
2
0
0
3
27
0
0
3
1
0
0
1
1
6
6
0
2
0
2
6
47
1
0
11
1
2
0
0
1
0
3
1
1
0
0
13
0
13
9
0
2
1
5
1
0
76
33
0
2
0
0
1
0
0
73
2
0
1
65
1
1
0
0
7
1
4
6
1
0
17
1
0
0
0
0
1
0
0
0
1
0
0
0
1
0
2
9
14
2
3
0
0
0
0
3
1
1
2
1
0
2
0
3
32
24
0
17
0
0
8
0
0
0
0
0
7
1
4
0
2
4
0
0
11
0
0
0
1
5
135
0
0
0
5
0
1
0
0
0
2
0
0
0
31
0
0
0
7
0
13
0
0
2
0
0
0
3
0
1
11
0
0
2
0
0
0
0
1
6
0
0
0
0
8
3
0
0
1
2
2
3
0
1
5
1
0
0
0
0
1
0
1
0
4
0
0
0
3
1
0
2
0
0
2
0
5
42
0
0
4
0
3
0
0
58
1
0
10
0
5
11
2
1
0
0
0
0
0
3
1
9
249
3
0
0
27
0
0
0
4
0
0
0
1
0
1
1
2
0
0
11
1
11
9
8
0
0
4
0
4
3
1
0
0
1
0
11
2
1
0
1
1
0
0
0
0
0
1
3
32
2
2
25
0
0
0
0
0
1
2
30
0
9
3
0
0
1
1
6
4
0
2
0
201
0
0
0
8
21
0
4
0
1
0
0
0
8
44
2
0
0
146
0
1
0
0
0
0
0
0
0
0
0
2
0
1
2
0
0
0
11
1
0
0
20
2
2
0
3
0
1
9
0
60
1
1
6
1
1
31
0
3
0
0
10
0
0
14
4
0
6
1
0
0
10
2
1
2
0
1
0
0
6
0
1
1
0
0
4
0
0
0
2
15
3
0
0
0
0
7
0
1
1
0
0
1
12
0
0
0
1
1
0
0
0
3
0
2
30
1
0
9
2
0
2
0
3
0
0
1
0
0
0
1
15
0
0
0
1
0
1
0
27
2
0
0
0
0
0
1
0
4
1
0
0
0
4
0
0
0
0
0
0
2
5
0
2
0
13
0
0
2
0
0
15
7
0
14
0
0
0
1
0
26
0
11
0
0
3
0
0
40
0
2
2
0
0
0
3
4
9
0
2
1
0
4
13
13
2
0
0
0
200
28
1
0
1
0
0
0
0
0
0
0
1
0
2
2
0
1
0
0
32
16
0
0
1
0
3
0
0
1
2
2
7
4
1
1
4
3
1
13
0
25
1
0
3
323
6
0
14
7
0
0
0
0
1
0
1
1
0
3
1
0
0
29
1
0
0
2
0
10
9
0
1
0
1
0
3
0
1
0
0
1
0
1
0
1
1
4
1
1
4
0
0
0
2
92
1
2
8
41
0
0
24
1
3
2
0
1
1
0
31
1
3
0
0
2
3
0
4
0
0
9
6
0
1
1
1
1
2
0
0
2
0
0
0
0
5
0
0
23
4
0
0
0
9
0
0
6
1
344
2
1
0
4
5
0
3
0
0
4
0
0
0
0
4
0
0
0
4
1
0
0
0
0
3
0
0
0
0
1
15
1
0
0
0
0
0
0
3
12
35
0
1
2
2
0
0
60
0
0
5
0
6
0
0
0
98
0
2
5
0
8
2
0
0
0
1
0
698
0
0
2
0
1
2
1
102
0
1
0
21
0
5
6
1
2
0
0
0
163
0
0
0
0
0
0
4
30
0
0
1
0
0
0
1
2
5
0
26
44
13
0
2
0
0
2
0
0
41
0
0
0
1
2
2
0
11
1
3
0
4
0
0
0
4
0
0
0
1
2
1
0
1
0
1
0
7
0
4
0
0
0
0
31
2
1
0
2
5
0
1
0
0
3
7
0
8
1
3
1
3
33
0
16
0
3
1
0
0
1
0
0
0
0
9
1
9
6
1
2
3
0
0
0
10
0
2
1
0
0
6
2
0
3
1
0
0
4
0
0
1
0
0
20
0
1
174
1
0
1
0
0
4
1
1
0
98
0
8
0
0
1
0
0
3
0
0
0
0
1
3
0
4
2
0
2
4
0
2
0
0
50
78
0
4
1
16
0
0
0
1
9
0
1
0
8
0
0
4
24
0
7
11
0
0
0
0
1
0
2
4
20
3
1
9
9
0
10
0
1
0
0
1
0
0
1
18
5
0
0
7
0
0
0
0
10
78
8
5
0
0
1
12
4
0
3
2
6
4
2
15
0
0
0
1
5
2
3
0
4
0
0
0
0
0
0
1
0
0
0
0
1
10
3
2
88
1
0
0
6
0
0
2
1
1
0
0
0
2
0
2
0
0
0
1
6
0
1
29
0
0
0
1
0
1
0
0
0
2
1
0
0
0
1
0
0
2
2
0
0
0
2
9
10
0
0
0
1
0
0
0
5
0
3
19
0
0
5
32
3
1
0
0
0
0
0
1
0
8
0
0
0
2
0
0
0
0
1
0
1
0
1
0
113
40
12
0
1
0
1
0
6
7
0
0
0
842
0
5
0
0
1
1
0
0
0
3
1
23
7
0
2
1
3
1
6
1
4
0
0
0
2
1
1399
0
2
1
2
1
4
0
0
0
0
0
59
0
1
10
0
1
0
1
0
2
0
1
52
6
1718
0
2
1
0
0
0
1
0
0
5
2
0
1
0
0
0
1
2
0
2
18
12
0
0
2
2
0
0
1
57
11
4
0
0
6
0
8
20
1
0
0
0
0
0
2
0
1
0
14
0
0
0
0
0
118
16
0
6
0
1
1
1
0
0
0
5
0
0
2
30
0
1
3
0
0
0
0
0
0
3
1
0
11
0
1
3
0
1
2
0
8
1
0
24
0
0
4
0
0
1
2
0
0
0
30
0
14
0
1
0
0
0
18
0
62
2
2
0
0
1
1
1
4
1
0
1
4
30
0
1
2
0
17
0
0
1
1
0
0
0
2
0
1
0
0
0
0
0
2
1
1
0
37
0
4
1
3
0
2
1
0
6
0
625
9
0
0
0
7
1
0
0
3
0
1
0
1
0
18
1
1
0
0
1
3
1
0
0
1
1
3
2
21
0
0
0
0
0
23
0
2
1
7
3
1
0
1
0
1
2
7
0
0
0
0
0
0
1
9
0
2
1
0
1
1
9
2
1
1
1
0
0
2
6
1
0
4
0
1
0
2
7
2
5
2
104
0
0
0
0
0
0
1
1
3
0
1
0
0
0
0
1
0
6
3
0
0
2
20
2
1
1
0
1
2
2
1
0
0
4
1
0
0
110
1
2
3
2
0
0
2
0
0
0
2
2
3
1
1
0
1
0
1
1
0
69
9
1
7
69
1
0
0
2
0
1
1
3
0
4
1
0
0
2
2
0
65
2
0
1
0
0
0
9
0
0
0
58
0
18
2
1
2
1
0
0
0
14
0
4
0
2
0
0
0
7
0
0
10
4
1
7
1
2
0
0
4
1
7
1
0
1
4
1
1
4
1
0
0
3
10
71
0
0
0
2
2
0
0
4
0
0
0
4
0
6
0
1
0
0
7
0
3
2
62
0
0
3
1
1
5
8
1
3
0
0
0
0
0
19
0
0
0
0
1
4
8
1
2
1
0
0
0
0
3
1
0
0
0
5
0
0
0
0
4
2
1
0
11
0
0
0
0
472
9
1
68
26
1
0
4
0
0
83
1
1
1
0
1
0
5
5
2
19
1
1
0
0
0
0
1
1
1
5
16
6
0
6
5
0
1
0
2
5
0
0
3
0
1
19
9
0
1
1
6
4
1
9
0
0
32
2
1
0
16
0
1
84
0
1
2
0
9
5
15
0
0
1
1
0
1
2
1
0
0
0
0
0
0
0
1
1
3
0
7
1
12
2
0
1
3
0
0
1
6
6
2
0
0
2
0
0
6
0
0
0
0
0
0
0
0
0
7
0
1
5
1
0
1
0
0
0
13
0
2
2
0
0
3
6
1
0
0
0
0
0
2
0
0
0
1
0
0
0
2
3
1
0
0
0
0
81
5
0
0
0
18
0
1
0
0
0
1
75
1
0
0
0
0
0
0
0
0
1
0
2
0
2
1
0
0
0
0
2
0
0
0
18
2
4
2
0
1
10
5
10
10
0
4
0
0
0
1
0
0
1
4
0
6
6
0
0
0
1
0
2
6
44
0
2
1
0
0
0
0
3
25
2
7
0
4
4
1
8
1
83
1
0
2
3
0
1
18
0
0
0
1
1
1
1
0
1
3
0
1
0
0
10
1
1
17
5
0
0
1
1
0
36
0
0
0
1
0
0
6
17
28
8
0
0
2
18
0
0
0
1
2
0
4
2
3
3
0
0
0
0
0
0
0
0
0
1
0
47
0
0
3
2
1
7
0
0
0
6
1
5
1
1
1
0
4
0
1
0
29
2
1
0
2
0
0
0
1
1
0
57
0
3
0
3
7
1
1
5
0
1
0
3
3
3
2
0
3
0
2
0
3
4
2
18
3
1
0
0
0
0
0
0
5
0
1
0
2
0
0
3
0
30
0
0
0
0
5
6
0
4
6
1
0
0
0
0
0
0
0
6
3
0
10
0
1
0
16
2
0
0
0
1
30
0
0
0
1
2
21
0
2
2
0
1
8
3
0
15
0
1
2
0
0
0
0
0
0
1
0
0
0
0
0
1
0
2
3
0
0
12
0
1
2
0
1
1
2
57
2
4
2
2
0
2
0
2
3
9
0
2
7
14
0
0
0
10
0
20
1
0
0
0
0
1
1
0
1
20
0
0
2
13
0
4
6
1
0
12
0
3
4
1
11
0
1
2
1
0
4
1
6
0
1
1
1
1
2
0
0
0
0
24
0
43
2
0
0
1
1
1
2
0
1
12
0
0
0
1
0
9
2
1
0
0
3
0
1
0
2
14
23
0
0
1
0
3
3
1
0
0
0
0
2
0
0
3
3
3
0
4
0
12
3
0
0
0
1
5
1
7
1
0
8
2
7
0
0
7
2
4
0
0
0
3
0
21
0
2
0
8
0
0
1
0
2
1
0
0
7
1
1
0
5
0
0
7
0
1
5
3
1
0
0
0
2
0
2
8
0
15
80
1
1
1
0
1
1
0
0
0
5
0
1
0
0
1
0
7
0
6
0
4
160
0
0
1
3
1
0
6
1
0
5
0
3
7
0
6
0
5
0
4
0
57
1
1
8
0
1
0
3
0
0
2
0
0
2
0
5
4
1
0
0
14
0
0
10
1
0
0
1
0
1
24
0
0
1
0
5
0
1
7
3
2
0
0
1
2
0
1
2
0
8
11
0
8
1
0
0
11
5
1
3
1
27
2
13
0
3
0
2
0
4
0
0
1
0
0
0
0
0
0
0
4
4
0
6
19
0
0
23
0
0
0
0
0
0
1
0
11
0
1
0
0
0
0
0
2
0
6
0
0
2
0
0
1
0
0
2
0
4
9
0
0
1
0
0
0
0
0
1
1
0
0
0
25
0
1
0
0
0
2
0
0
0
1
0
17
1
0
1
0
13
0
0
1
1
2
3
0
1
3
1
1
1
2
0
0
0
0
1
0
0
4
0
6
2
2
2
4
0
6
0
0
1
0
2
22
0
10
0
0
1
6
0
13
2
27
1
35
0
1
1
1
0
0
8
0
226
3
0
14
1
0
1
0
10
0
0
0
0
0
0
24
0
1
0
50
3
15
0
0
2
6
2
1
3
0
1
0
23
0
0
0
0
212
1
1
0
35
0
6
0
0
0
4
0
14
0
0
0
0
1
0
5
35
10
2
1
3
0
0
0
0
0
2
0
1
0
3
0
0
9
0
9
0
0
10
1
0
0
2
0
0
0
0
0
0
3
17
1
1
2
0
0
0
81
15
1
0
0
2
0
1
0
8
0
1
0
2
1
0
0
2
0
2
0
0
0
0
5
4
0
0
4
0
113
0
1
1
4
0
0
3
0
0
0
1
2
2
0
1
0
3
3
1
0
2
23
0
0
0
2
5
1
1
0
0
2
0
0
56
0
2
0
6
1
0
3
0
0
0
1
3
2
8
0
0
4
0
1
0
4
1
0
0
11
1
0
4
1
0
0
1
46
0
4
8
0
0
0
1
12
1
1
0
9
3
2
0
5
4
26
0
3
0
2
0
2
0
0
0
2
0
0
1
1
0
1
1
1
5
0
0
0
0
8
1
0
0
2
6
5
0
0
0
2
0
0
0
0
0
0
0
0
1
4
0
0
0
0
0
0
0
0
1
8
0
61
0
0
0
0
3
5
33
0
0
22
3
23
0
2
2
1
2
0
107
1
54
7
0
1
87
0
1
1
0
4
0
0
8
5
20
0
0
2
4
0
0
1
1
0
1
0
0
3
1
0
0
5
0
3
0
0
2
0
0
1
11
0
2
0
1
0
2
0
3
5
2
23
3
0
4
3
0
1
6
0
0
0
0
0
45
18
24
0
2
0
0
4
0
1
3
1
5
0
0
1
0
0
1
1
0
0
2
19
0
239
0
0
2
0
1
5
0
0
3
5
1
0
0
1
1
23
0
0
0
0
0
1
5
2
1
0
3
7
0
0
3
0
0
1
0
0
3
31
1
24
1
0
0
3
0
2
0
0
0
1
4
5
0
0
1
4
2
2
5
0
0
0
0
0
1
1
1
15
9
3
1
1
0
6
0
1
1
1
2
0
0
1
8
0
16
2
2
0
0
3
2
4
0
2
2
17
1
0
0
20
0
3
4
0
6
5
0
0
0
0
0
0
0
0
1
2
0
1
0
0
23
2
0
11
1
1
0
0
14
2
14
0
8
1
5
14
1
59
1
0
15
0
0
0
0
1
83
0
0
0
2
0
1
0
1
0
4
0
0
0
0
0
1
0
1
0
2
1
3
17
0
85
0
0
0
6
0
0
2
18
0
10
1
0
0
4
0
4
1
0
0
1
0
0
0
0
2
0
1
21
0
0
0
2
40
0
0
51
10
3
2
15
1
0
0
1
1
0
5
0
0
4
4
71
1
0
43
1
0
2
0
0
38
2
1
0
6
1
0
0
1
0
0
7
0
0
0
3
1
1
0
6
0
0
0
0
0
0
28
0
0
3
59
1
0
0
0
5
9
13
5
1
1
0
2
1
1
0
2
0
3
42
1
3
1
0
2
0
0
0
4
1
12
1
4
0
0
78
0
0
2
0
21
3
11
0
0
3
3
2
0
0
0
10
0
0
0
0
0
0
0
0
0
2
0
0
0
0
7
0
25
0
8
1
0
486
0
0
4
0
3
1
136
7
15
0
0
2
1
4
3
1
2
5
4
0
0
0
0
0
0
0
1
0
32
0
0
0
0
0
1
0
1
0
0
0
0
0
8
0
2
140
2
1
1
1
0
0
0
1
0
0
0
0
0
0
0
0
1
0
0
6
3
21
9
5
0
14
0
12
1
0
2
1
0
0
111
0
10
32
5
0
0
11
0
0
1
0
3
2
0
0
3
4
4
0
0
51
0
0
0
0
0
0
9
0
0
0
3
0
0
3
1
4
0
0
3
1
1
0
0
1
14
0
17
0
1
1
6
1
1
3
1
0
4
0
2
0
0
1
0
0
4
6
2
0
0
0
0
1
0
2
0
9
10
1
0
0
1
0
2
6
2
0
0
0
0
4
9
0
0
0
0
0
0
0
1
646
2
0
0
0
5
17
0
1
3
41
1
0
0
0
0
2
2
14
0
0
0
1
0
2
18
5
32
1
3
14
1
1
0
0
0
1
2
1
0
0
7
4
5
2
0
2
2
8
7
0
13
1
4
0
0
0
1
0
0
34
83
0
6
3
0
0
0
0
15
3
42
0
0
0
0
0
1
0
8
0
5
0
1
5
0
1
9
0
16
0
0
3
3
3
0
16
1
0
0
1
1
1
0
0
1
4
1
1
8
0
2
0
1
1
2
0
0
5
0
5
0
0
0
2
2
16
43
49
0
0
3
1
0
1
0
6
0
0
0
0
0
0
3
103
5
9
1
2
3
0
0
0
0
0
0
0
0
0
151
2
0
0
20
1
0
0
14
5
0
0
0
0
3
0
0
1
0
2
1
0
1
13
0
16
43
0
0
35
3
1
0
0
16
0
1
0
1
17
0
1
1
0
0
4
0
1
4
0
0
2
0
0
4
0
4
89
20
0
0
3
0
21
0
0
2
0
5
23
0
3
0
0
0
0
0
48
2
2
0
2
1
3
0
0
1
0
0
0
2
6
0
1
5
5
1
6
0
0
0
0
0
1
0
1
0
0
0
0
0
0
1
2
1
1
22
36
1
0
0
1
0
10
0
70
0
6
1
0
21
2
0
0
0
0
1
0
0
1
3
0
0
46
5
0
0
0
0
8
6
2
2
3
1
12
1
15
1
0
7
37
0
1
0
1
0
0
31
1
2
0
10
2
2
1
2
1
3
2
50
0
1
0
0
0
0
0
0
4
0
1
5
1
9
2
2
4
1
0
162
6
0
0
0
0
9
1
0
0
0
0
0
0
0
1
0
5
0
0
2
1
1
1
0
0
1
0
0
6
0
1
1
1
0
4
0
0
0
2
0
0
4
1
1
0
57
1
0
1
0
0
0
0
21
0
1
1
1
67
2
0
0
0
6
0
2
1
0
0
4
16
0
1
0
0
1
0
0
4
1
10
0
0
0
4
0
0
0
7
0
20
0
1
0
15
1
2
0
0
0
2
3
0
6
4
1
1
15
3
2
2
0
2
8827
0
11
1
1
1
3
0
0
0
0
31
0
0
2
4
0
0
0
1
0
9
1
0
8
1
0
2
0
4
1
0
0
2
0
0
0
0
1
1
1
1
0
0
0
0
0
3
3
1
3
0
6
0
0
1
# количество точек 4000
